        TIME,    TIDE,      OB,   SURGE,    BIAS,     TWL,SURGE90p,  TWL90p,SURGE10p,   TWL10p
202604191800,   1.200,   2.020,   0.700,   0.120,   2.020,   0.700,   2.020,   0.700,   2.020
202604191806,   1.180,9999.000,9999.000,9999.000,9999.000,9999.000,9999.000,9999.000,9999.000
202604191812,   1.159,   1.967,9999.000,9999.000,9999.000,9999.000,9999.000,9999.000,9999.000
202604191818,   1.137,9999.000,9999.000,9999.000,9999.000,9999.000,9999.000,9999.000,9999.000
202604191824,   1.113,   1.908,9999.000,9999.000,9999.000,9999.000,9999.000,9999.000,9999.000
202604191830,   1.089,9999.000,9999.000,9999.000,9999.000,9999.000,9999.000,9999.000,9999.000
202604191836,   1.065,   1.810,9999.000,9999.000,9999.000,9999.000,9999.000,9999.000,9999.000
202604191842,   1.039,9999.000,9999.000,9999.000,9999.000,9999.000,9999.000,9999.000,9999.000
202604191848,   1.013,   1.758,9999.000,9999.000,9999.000,9999.000,9999.000,9999.000,9999.000
202604191854,   0.986,9999.000,9999.000,9999.000,9999.000,9999.000,9999.000,9999.000,9999.000
202604191900,   0.959,   1.659,   0.700,   0.000,   1.659,   0.700,   1.659,   0.700,   1.659
202604191906,   0.931,   1.639,9999.000,9999.000,9999.000,9999.000,9999.000,9999.000,9999.000
202604191912,   0.902,   1.620,9999.000,9999.000,9999.000,9999.000,9999.000,9999.000,9999.000
202604191918,   0.874,   1.610,9999.000,9999.000,9999.000,9999.000,9999.000,9999.000,9999.000
202604191924,   0.845,   1.557,9999.000,9999.000,9999.000,9999.000,9999.000,9999.000,9999.000
202604191930,   0.815,   1.518,9999.000,9999.000,9999.000,9999.000,9999.000,9999.000,9999.000
202604191936,   0.786,   1.479,9999.000,9999.000,9999.000,9999.000,9999.000,9999.000,9999.000
202604191942,   0.756,   1.439,9999.000,9999.000,9999.000,9999.000,9999.000,9999.000,9999.000
202604191948,   0.727,   1.420,9999.000,9999.000,9999.000,9999.000,9999.000,9999.000,9999.000
202604191954,   0.697,   1.390,9999.000,9999.000,9999.000,9999.000,9999.000,9999.000,9999.000
202604192000,   0.667,   1.361,   0.700,  -0.006,   1.361,   0.700,   1.361,   0.700,   1.361
202604192006,   0.637,   1.348,9999.000,9999.000,9999.000,9999.000,9999.000,9999.000,9999.000
202604192012,   0.608,   1.328,9999.000,9999.000,9999.000,9999.000,9999.000,9999.000,9999.000
202604192018,   0.578,   1.298,9999.000,9999.000,9999.000,9999.000,9999.000,9999.000,9999.000
202604192024,   0.549,   1.269,9999.000,9999.000,9999.000,9999.000,9999.000,9999.000,9999.000
202604192030,   0.519,   1.249,9999.000,9999.000,9999.000,9999.000,9999.000,9999.000,9999.000
202604192036,   0.490,   1.220,9999.000,9999.000,9999.000,9999.000,9999.000,9999.000,9999.000
202604192042,   0.462,   1.200,9999.000,9999.000,9999.000,9999.000,9999.000,9999.000,9999.000
202604192048,   0.433,   1.180,9999.000,9999.000,9999.000,9999.000,9999.000,9999.000,9999.000
202604192054,   0.405,   1.128,9999.000,9999.000,9999.000,9999.000,9999.000,9999.000,9999.000
202604192100,   0.377,   1.088,   0.700,   0.011,   1.088,   0.700,   1.088,   0.700,   1.088
202604192106,   0.350,   1.059,9999.000,9999.000,9999.000,9999.000,9999.000,9999.000,9999.000
202604192112,   0.323,   1.039,9999.000,9999.000,9999.000,9999.000,9999.000,9999.000,9999.000
202604192118,   0.297,   1.010,9999.000,9999.000,9999.000,9999.000,9999.000,9999.000,9999.000
202604192124,   0.271,   0.990,9999.000,9999.000,9999.000,9999.000,9999.000,9999.000,9999.000
202604192130,   0.245,   0.951,9999.000,9999.000,9999.000,9999.000,9999.000,9999.000,9999.000
202604192136,   0.220,   0.928,9999.000,9999.000,9999.000,9999.000,9999.000,9999.000,9999.000
202604192142,   0.195,   0.888,9999.000,9999.000,9999.000,9999.000,9999.000,9999.000,9999.000
202604192148,   0.171,   0.879,9999.000,9999.000,9999.000,9999.000,9999.000,9999.000,9999.000
202604192154,   0.148,   0.859,9999.000,9999.000,9999.000,9999.000,9999.000,9999.000,9999.000
202604192200,   0.126,   0.839,   0.700,   0.013,   0.839,   0.700,   0.839,   0.700,   0.839
202604192206,   0.104,   0.819,9999.000,9999.000,9999.000,9999.000,9999.000,9999.000,9999.000
202604192212,   0.082,   0.800,9999.000,9999.000,9999.000,9999.000,9999.000,9999.000,9999.000
202604192218,   0.062,   0.790,9999.000,9999.000,9999.000,9999.000,9999.000,9999.000,9999.000
202604192224,   0.042,   0.770,9999.000,9999.000,9999.000,9999.000,9999.000,9999.000,9999.000
202604192230,   0.024,   0.760,9999.000,9999.000,9999.000,9999.000,9999.000,9999.000,9999.000
202604192236,   0.006,   0.741,9999.000,9999.000,9999.000,9999.000,9999.000,9999.000,9999.000
202604192242,  -0.010,   0.731,9999.000,9999.000,9999.000,9999.000,9999.000,9999.000,9999.000
202604192248,  -0.026,   0.708,9999.000,9999.000,9999.000,9999.000,9999.000,9999.000,9999.000
202604192254,  -0.040,   0.688,9999.000,9999.000,9999.000,9999.000,9999.000,9999.000,9999.000
202604192300,  -0.054,   0.698,   0.800,  -0.048,   0.698,   0.700,   0.598,   0.800,   0.698
202604192306,  -0.066,   0.698,9999.000,9999.000,9999.000,9999.000,9999.000,9999.000,9999.000
202604192312,  -0.076,   0.669,9999.000,9999.000,9999.000,9999.000,9999.000,9999.000,9999.000
202604192318,  -0.085,   0.659,9999.000,9999.000,9999.000,9999.000,9999.000,9999.000,9999.000
202604192324,  -0.093,   0.669,9999.000,9999.000,9999.000,9999.000,9999.000,9999.000,9999.000
202604192330,  -0.099,   0.678,9999.000,9999.000,9999.000,9999.000,9999.000,9999.000,9999.000
202604192336,  -0.103,   0.678,9999.000,9999.000,9999.000,9999.000,9999.000,9999.000,9999.000
202604192342,  -0.104,   0.698,9999.000,9999.000,9999.000,9999.000,9999.000,9999.000,9999.000
202604192348,  -0.104,   0.751,9999.000,9999.000,9999.000,9999.000,9999.000,9999.000,9999.000
202604192354,  -0.101,   0.859,9999.000,9999.000,9999.000,9999.000,9999.000,9999.000,9999.000
202604200000,  -0.096,   0.908,   0.700,   0.304,   0.908,   0.600,   0.808,   0.700,   0.908
202604200006,  -0.088,   0.961,9999.000,9999.000,9999.000,9999.000,9999.000,9999.000,9999.000
202604200012,  -0.078,   0.941,9999.000,9999.000,9999.000,9999.000,9999.000,9999.000,9999.000
202604200018,  -0.064,   1.000,9999.000,9999.000,9999.000,9999.000,9999.000,9999.000,9999.000
202604200024,  -0.048,   1.069,9999.000,9999.000,9999.000,9999.000,9999.000,9999.000,9999.000
202604200030,  -0.028,   1.128,9999.000,9999.000,9999.000,9999.000,9999.000,9999.000,9999.000
202604200036,  -0.005,   1.170,9999.000,9999.000,9999.000,9999.000,9999.000,9999.000,9999.000
202604200042,   0.021,   1.200,9999.000,9999.000,9999.000,9999.000,9999.000,9999.000,9999.000
202604200048,   0.051,   1.259,9999.000,9999.000,9999.000,9999.000,9999.000,9999.000,9999.000
202604200054,   0.084,   1.328,9999.000,9999.000,9999.000,9999.000,9999.000,9999.000,9999.000
202604200100,   0.122,   1.459,   0.700,   0.637,   1.459,   0.600,   1.359,   0.700,   1.459
202604200106,   0.162,   1.508,9999.000,9999.000,9999.000,9999.000,9999.000,9999.000,9999.000
202604200112,   0.206,   1.489,9999.000,9999.000,9999.000,9999.000,9999.000,9999.000,9999.000
202604200118,   0.254,   1.538,9999.000,9999.000,9999.000,9999.000,9999.000,9999.000,9999.000
202604200124,   0.304,   1.590,9999.000,9999.000,9999.000,9999.000,9999.000,9999.000,9999.000
202604200130,   0.358,   1.649,9999.000,9999.000,9999.000,9999.000,9999.000,9999.000,9999.000
202604200136,   0.413,   1.708,9999.000,9999.000,9999.000,9999.000,9999.000,9999.000,9999.000
202604200142,   0.471,   1.738,9999.000,9999.000,9999.000,9999.000,9999.000,9999.000,9999.000
202604200148,   0.530,   1.790,9999.000,9999.000,9999.000,9999.000,9999.000,9999.000,9999.000
202604200154,   0.591,   1.840,9999.000,9999.000,9999.000,9999.000,9999.000,9999.000,9999.000
202604200200,   0.652,   1.938,   0.600,   0.686,   1.938,   0.600,   1.938,   0.600,   1.938
202604200206,   0.713,   1.990,9999.000,9999.000,9999.000,9999.000,9999.000,9999.000,9999.000
202604200212,   0.774,   1.967,9999.000,9999.000,9999.000,9999.000,9999.000,9999.000,9999.000
202604200218,   0.834,   2.030,9999.000,9999.000,9999.000,9999.000,9999.000,9999.000,9999.000
202604200224,   0.893,   2.079,9999.000,9999.000,9999.000,9999.000,9999.000,9999.000,9999.000
202604200230,   0.950,   2.128,9999.000,9999.000,9999.000,9999.000,9999.000,9999.000,9999.000
202604200236,   1.005,   2.168,9999.000,9999.000,9999.000,9999.000,9999.000,9999.000,9999.000
202604200242,   1.058,   2.220,9999.000,9999.000,9999.000,9999.000,9999.000,9999.000,9999.000
202604200248,   1.109,   2.259,9999.000,9999.000,9999.000,9999.000,9999.000,9999.000,9999.000
202604200254,   1.157,   2.309,9999.000,9999.000,9999.000,9999.000,9999.000,9999.000,9999.000
202604200300,   1.203,   2.410,   0.600,   0.607,   2.410,   0.600,   2.410,   0.600,   2.410
202604200306,   1.246,   2.440,9999.000,9999.000,9999.000,9999.000,9999.000,9999.000,9999.000
202604200312,   1.287,   2.420,9999.000,9999.000,9999.000,9999.000,9999.000,9999.000,9999.000
202604200318,   1.325,   2.459,9999.000,9999.000,9999.000,9999.000,9999.000,9999.000,9999.000
202604200324,   1.360,   2.489,9999.000,9999.000,9999.000,9999.000,9999.000,9999.000,9999.000
202604200330,   1.392,   2.519,9999.000,9999.000,9999.000,9999.000,9999.000,9999.000,9999.000
202604200336,   1.423,   2.548,9999.000,9999.000,9999.000,9999.000,9999.000,9999.000,9999.000
202604200342,   1.450,   2.568,9999.000,9999.000,9999.000,9999.000,9999.000,9999.000,9999.000
202604200348,   1.476,   2.597,9999.000,9999.000,9999.000,9999.000,9999.000,9999.000,9999.000
202604200354,   1.499,   2.630,9999.000,9999.000,9999.000,9999.000,9999.000,9999.000,9999.000
202604200400,   1.519,   2.689,   0.600,   0.570,   2.689,   0.600,   2.689,   0.600,   2.689
202604200406,   1.538,   2.709,9999.000,9999.000,9999.000,9999.000,9999.000,9999.000,9999.000
202604200412,   1.554,   2.689,9999.000,9999.000,9999.000,9999.000,9999.000,9999.000,9999.000
202604200418,   1.568,   2.699,9999.000,9999.000,9999.000,9999.000,9999.000,9999.000,9999.000
202604200424,   1.580,   2.719,9999.000,9999.000,9999.000,9999.000,9999.000,9999.000,9999.000
202604200430,   1.590,   2.738,9999.000,9999.000,9999.000,9999.000,9999.000,9999.000,9999.000
202604200436,   1.598,   2.748,9999.000,9999.000,9999.000,9999.000,9999.000,9999.000,9999.000
202604200442,   1.604,   2.768,9999.000,9999.000,9999.000,9999.000,9999.000,9999.000,9999.000
202604200448,   1.608,   2.778,9999.000,9999.000,9999.000,9999.000,9999.000,9999.000,9999.000
202604200454,   1.610,   2.807,9999.000,9999.000,9999.000,9999.000,9999.000,9999.000,9999.000
202604200500,   1.611,   2.830,   0.600,   0.619,   2.830,   0.500,   2.730,   0.600,   2.830
202604200506,   1.609,   2.830,9999.000,9999.000,9999.000,9999.000,9999.000,9999.000,9999.000
202604200512,   1.606,   2.807,9999.000,9999.000,9999.000,9999.000,9999.000,9999.000,9999.000
202604200518,   1.601,   2.807,9999.000,9999.000,9999.000,9999.000,9999.000,9999.000,9999.000
202604200524,   1.594,   2.797,9999.000,9999.000,9999.000,9999.000,9999.000,9999.000,9999.000
202604200530,   1.585,   2.787,9999.000,9999.000,9999.000,9999.000,9999.000,9999.000,9999.000
202604200536,   1.575,   2.778,9999.000,9999.000,9999.000,9999.000,9999.000,9999.000,9999.000
202604200542,   1.564,   2.758,9999.000,9999.000,9999.000,9999.000,9999.000,9999.000,9999.000
202604200548,   1.550,   2.738,9999.000,9999.000,9999.000,9999.000,9999.000,9999.000,9999.000
202604200554,   1.536,   2.709,9999.000,9999.000,9999.000,9999.000,9999.000,9999.000,9999.000
202604200600,   1.519,   2.660,   0.500,   0.641,   2.660,   0.500,   2.660,   0.500,   2.660
202604200606,   1.502,   2.630,9999.000,9999.000,9999.000,9999.000,9999.000,9999.000,9999.000
202604200612,   1.483,   2.610,9999.000,9999.000,9999.000,9999.000,9999.000,9999.000,9999.000
202604200618,   1.463,   2.587,9999.000,9999.000,9999.000,9999.000,9999.000,9999.000,9999.000
202604200624,   1.442,   2.548,9999.000,9999.000,9999.000,9999.000,9999.000,9999.000,9999.000
202604200630,   1.419,   2.499,9999.000,9999.000,9999.000,9999.000,9999.000,9999.000,9999.000
202604200636,   1.396,   2.459,9999.000,9999.000,9999.000,9999.000,9999.000,9999.000,9999.000
202604200642,   1.371,   2.410,9999.000,9999.000,9999.000,9999.000,9999.000,9999.000,9999.000
202604200648,   1.345,   2.368,9999.000,9999.000,9999.000,9999.000,9999.000,9999.000,9999.000
202604200654,   1.319,   2.328,9999.000,9999.000,9999.000,9999.000,9999.000,9999.000,9999.000
202604200700,   1.292,   2.259,   0.500,   0.467,   2.259,   0.500,   2.259,   0.500,   2.259
202604200706,   1.264,   2.220,9999.000,9999.000,9999.000,9999.000,9999.000,9999.000,9999.000
202604200712,   1.235,   2.200,9999.000,9999.000,9999.000,9999.000,9999.000,9999.000,9999.000
202604200718,   1.206,   2.148,9999.000,9999.000,9999.000,9999.000,9999.000,9999.000,9999.000
202604200724,   1.176,   2.109,9999.000,9999.000,9999.000,9999.000,9999.000,9999.000,9999.000
202604200730,   1.145,   2.069,9999.000,9999.000,9999.000,9999.000,9999.000,9999.000,9999.000
202604200736,   1.114,   2.040,9999.000,9999.000,9999.000,9999.000,9999.000,9999.000,9999.000
202604200742,   1.083,   1.990,9999.000,9999.000,9999.000,9999.000,9999.000,9999.000,9999.000
202604200748,   1.051,   1.948,9999.000,9999.000,9999.000,9999.000,9999.000,9999.000,9999.000
202604200754,   1.019,   1.908,9999.000,9999.000,9999.000,9999.000,9999.000,9999.000,9999.000
202604200800,   0.987,   1.849,   0.500,   0.362,   1.849,   0.500,   1.849,   0.500,   1.849
202604200806,   0.954,   1.810,9999.000,9999.000,9999.000,9999.000,9999.000,9999.000,9999.000
202604200812,   0.921,   1.790,9999.000,9999.000,9999.000,9999.000,9999.000,9999.000,9999.000
202604200818,   0.888,   1.758,9999.000,9999.000,9999.000,9999.000,9999.000,9999.000,9999.000
202604200824,   0.856,   1.718,9999.000,9999.000,9999.000,9999.000,9999.000,9999.000,9999.000
202604200830,   0.823,   1.679,9999.000,9999.000,9999.000,9999.000,9999.000,9999.000,9999.000
202604200836,   0.790,   1.649,9999.000,9999.000,9999.000,9999.000,9999.000,9999.000,9999.000
202604200842,   0.757,   1.610,9999.000,9999.000,9999.000,9999.000,9999.000,9999.000,9999.000
202604200848,   0.724,   1.580,9999.000,9999.000,9999.000,9999.000,9999.000,9999.000,9999.000
202604200854,   0.692,   1.548,9999.000,9999.000,9999.000,9999.000,9999.000,9999.000,9999.000
202604200900,   0.659,   1.498,   0.500,   0.339,   1.498,   0.400,   1.398,   0.500,   1.498
202604200906,   0.627,   1.469,9999.000,9999.000,9999.000,9999.000,9999.000,9999.000,9999.000
202604200912,   0.595,   1.449,9999.000,9999.000,9999.000,9999.000,9999.000,9999.000,9999.000
202604200918,   0.563,   1.420,9999.000,9999.000,9999.000,9999.000,9999.000,9999.000,9999.000
202604200924,   0.531,   1.390,9999.000,9999.000,9999.000,9999.000,9999.000,9999.000,9999.000
202604200930,   0.500,   1.371,9999.000,9999.000,9999.000,9999.000,9999.000,9999.000,9999.000
202604200936,   0.469,   1.338,9999.000,9999.000,9999.000,9999.000,9999.000,9999.000,9999.000
202604200942,   0.438,   1.308,9999.000,9999.000,9999.000,9999.000,9999.000,9999.000,9999.000
202604200948,   0.408,   1.279,9999.000,9999.000,9999.000,9999.000,9999.000,9999.000,9999.000
202604200954,   0.378,   1.239,9999.000,9999.000,9999.000,9999.000,9999.000,9999.000,9999.000
202604201000,   0.348,   1.210,   0.400,   0.462,   1.210,   0.400,   1.210,   0.500,   1.310
202604201006,   0.319,   1.180,9999.000,9999.000,9999.000,9999.000,9999.000,9999.000,9999.000
202604201012,   0.291,   1.161,9999.000,9999.000,9999.000,9999.000,9999.000,9999.000,9999.000
202604201018,   0.263,   1.138,9999.000,9999.000,9999.000,9999.000,9999.000,9999.000,9999.000
202604201024,   0.235,   1.118,9999.000,9999.000,9999.000,9999.000,9999.000,9999.000,9999.000
202604201030,   0.208,   1.098,9999.000,9999.000,9999.000,9999.000,9999.000,9999.000,9999.000
202604201036,   0.181,   1.069,9999.000,9999.000,9999.000,9999.000,9999.000,9999.000,9999.000
202604201042,   0.156,   1.039,9999.000,9999.000,9999.000,9999.000,9999.000,9999.000,9999.000
202604201048,   0.130,   1.020,9999.000,9999.000,9999.000,9999.000,9999.000,9999.000,9999.000
202604201054,   0.106,   1.010,9999.000,9999.000,9999.000,9999.000,9999.000,9999.000,9999.000
202604201100,   0.082,   0.970,   0.400,   0.488,   0.970,   0.400,   0.970,   0.500,   1.070
202604201106,   0.059,   0.961,9999.000,9999.000,9999.000,9999.000,9999.000,9999.000,9999.000
202604201112,   0.037,   0.941,9999.000,9999.000,9999.000,9999.000,9999.000,9999.000,9999.000
202604201118,   0.016,   0.898,9999.000,9999.000,9999.000,9999.000,9999.000,9999.000,9999.000
202604201124,  -0.003,   0.879,9999.000,9999.000,9999.000,9999.000,9999.000,9999.000,9999.000
202604201130,  -0.022,   0.859,9999.000,9999.000,9999.000,9999.000,9999.000,9999.000,9999.000
202604201136,  -0.040,   0.839,9999.000,9999.000,9999.000,9999.000,9999.000,9999.000,9999.000
202604201142,  -0.056,   0.819,9999.000,9999.000,9999.000,9999.000,9999.000,9999.000,9999.000
202604201148,  -0.071,   0.800,9999.000,9999.000,9999.000,9999.000,9999.000,9999.000,9999.000
202604201154,  -0.085,   0.780,9999.000,9999.000,9999.000,9999.000,9999.000,9999.000,9999.000
202604201200,  -0.097,   0.790,   0.400,   0.487,   0.790,   0.400,   0.790,   0.400,   0.790
202604201206,  -0.108,   0.770,9999.000,9999.000,9999.000,9999.000,9999.000,9999.000,9999.000
202604201212,  -0.117,   0.751,9999.000,9999.000,9999.000,9999.000,9999.000,9999.000,9999.000
202604201218,  -0.123,   0.751,9999.000,9999.000,9999.000,9999.000,9999.000,9999.000,9999.000
202604201224,  -0.128,   0.741,9999.000,9999.000,9999.000,9999.000,9999.000,9999.000,9999.000
202604201230,  -0.131,   0.731,9999.000,9999.000,9999.000,9999.000,9999.000,9999.000,9999.000
202604201236,  -0.132,   0.698,9999.000,9999.000,9999.000,9999.000,9999.000,9999.000,9999.000
202604201242,  -0.130,   0.688,9999.000,9999.000,9999.000,9999.000,9999.000,9999.000,9999.000
202604201248,  -0.126,   0.669,9999.000,9999.000,9999.000,9999.000,9999.000,9999.000,9999.000
202604201254,  -0.119,   0.678,9999.000,9999.000,9999.000,9999.000,9999.000,9999.000,9999.000
202604201300,  -0.109,   0.718,   0.400,   0.427,   0.718,   0.400,   0.718,   0.400,   0.718
202604201306,  -0.097,   0.731,9999.000,9999.000,9999.000,9999.000,9999.000,9999.000,9999.000
202604201312,  -0.081,   0.708,9999.000,9999.000,9999.000,9999.000,9999.000,9999.000,9999.000
202604201318,  -0.063,   0.741,9999.000,9999.000,9999.000,9999.000,9999.000,9999.000,9999.000
202604201324,  -0.041,   0.751,9999.000,9999.000,9999.000,9999.000,9999.000,9999.000,9999.000
202604201330,  -0.016,   0.770,9999.000,9999.000,9999.000,9999.000,9999.000,9999.000,9999.000
202604201336,   0.011,   0.780,9999.000,9999.000,9999.000,9999.000,9999.000,9999.000,9999.000
202604201342,   0.042,   0.810,9999.000,9999.000,9999.000,9999.000,9999.000,9999.000,9999.000
202604201348,   0.077,   0.839,9999.000,9999.000,9999.000,9999.000,9999.000,9999.000,9999.000
202604201354,   0.114,   0.869,9999.000,9999.000,9999.000,9999.000,9999.000,9999.000,9999.000
202604201400,   0.155,   0.961,   0.400,   0.406,   0.961,   0.400,   0.961,   0.400,   0.961
202604201406,   0.197,   1.010,9999.000,9999.000,9999.000,9999.000,9999.000,9999.000,9999.000
202604201412,   0.242,   0.990,9999.000,9999.000,9999.000,9999.000,9999.000,9999.000,9999.000
202604201418,   0.289,   1.029,9999.000,9999.000,9999.000,9999.000,9999.000,9999.000,9999.000
202604201424,   0.338,   1.079,9999.000,9999.000,9999.000,9999.000,9999.000,9999.000,9999.000
202604201430,   0.388,   1.108,9999.000,9999.000,9999.000,9999.000,9999.000,9999.000,9999.000
202604201436,   0.438,   1.138,9999.000,9999.000,9999.000,9999.000,9999.000,9999.000,9999.000
202604201442,   0.489,   1.200,9999.000,9999.000,9999.000,9999.000,9999.000,9999.000,9999.000
202604201448,   0.539,   1.249,9999.000,9999.000,9999.000,9999.000,9999.000,9999.000,9999.000
202604201454,   0.589,   1.348,9999.000,9999.000,9999.000,9999.000,9999.000,9999.000,9999.000
202604201500,   0.638,   1.371,   0.400,   0.333,   1.371,   0.400,   1.371,   0.400,   1.371
202604201506,   0.686,   1.410,9999.000,9999.000,9999.000,9999.000,9999.000,9999.000,9999.000
202604201512,   0.733,   1.390,9999.000,9999.000,9999.000,9999.000,9999.000,9999.000,9999.000
202604201518,   0.778,   1.439,9999.000,9999.000,9999.000,9999.000,9999.000,9999.000,9999.000
202604201524,   0.821,   1.479,9999.000,9999.000,9999.000,9999.000,9999.000,9999.000,9999.000
202604201530,   0.863,   1.489,9999.000,9999.000,9999.000,9999.000,9999.000,9999.000,9999.000
202604201536,   0.902,   1.528,9999.000,9999.000,9999.000,9999.000,9999.000,9999.000,9999.000
202604201542,   0.940,   1.580,9999.000,9999.000,9999.000,9999.000,9999.000,9999.000,9999.000
202604201548,   0.976,   1.600,9999.000,9999.000,9999.000,9999.000,9999.000,9999.000,9999.000
202604201554,   1.009,   1.630,9999.000,9999.000,9999.000,9999.000,9999.000,9999.000,9999.000
202604201600,   1.041,   1.699,   0.400,   0.258,   1.699,   0.400,   1.699,   0.400,   1.699
202604201606,   1.070,   1.718,9999.000,9999.000,9999.000,9999.000,9999.000,9999.000,9999.000
202604201612,   1.098,   1.699,9999.000,9999.000,9999.000,9999.000,9999.000,9999.000,9999.000
202604201618,   1.124,   1.718,9999.000,9999.000,9999.000,9999.000,9999.000,9999.000,9999.000
202604201624,   1.147,   1.728,9999.000,9999.000,9999.000,9999.000,9999.000,9999.000,9999.000
202604201630,   1.169,   1.758,9999.000,9999.000,9999.000,9999.000,9999.000,9999.000,9999.000
202604201636,   1.189,   1.781,9999.000,9999.000,9999.000,9999.000,9999.000,9999.000,9999.000
202604201642,   1.207,   1.781,9999.000,9999.000,9999.000,9999.000,9999.000,9999.000,9999.000
202604201648,   1.223,   1.800,9999.000,9999.000,9999.000,9999.000,9999.000,9999.000,9999.000
202604201654,   1.237,   1.830,9999.000,9999.000,9999.000,9999.000,9999.000,9999.000,9999.000
202604201700,   1.249,   1.830,   0.400,   0.181,   1.830,   0.400,   1.830,   0.400,   1.830
202604201706,   1.260,   1.840,9999.000,9999.000,9999.000,9999.000,9999.000,9999.000,9999.000
202604201712,   1.268,   1.820,9999.000,9999.000,9999.000,9999.000,9999.000,9999.000,9999.000
202604201718,   1.275,   1.820,9999.000,9999.000,9999.000,9999.000,9999.000,9999.000,9999.000
202604201724,   1.280,   1.810,9999.000,9999.000,9999.000,9999.000,9999.000,9999.000,9999.000
202604201730,   1.283,   1.810,9999.000,9999.000,9999.000,9999.000,9999.000,9999.000,9999.000
202604201736,   1.285,   1.810,9999.000,9999.000,9999.000,9999.000,9999.000,9999.000,9999.000
202604201742,   1.285,   1.781,9999.000,9999.000,9999.000,9999.000,9999.000,9999.000,9999.000
202604201748,   1.283,   1.767,9999.000,9999.000,9999.000,9999.000,9999.000,9999.000,9999.000
202604201754,   1.279,   1.738,9999.000,9999.000,9999.000,9999.000,9999.000,9999.000,9999.000
202604201800,   1.274,   1.699,   0.400,   0.025,   1.699,   0.400,   1.699,   0.400,   1.699
202604201806,   1.267,   1.679,9999.000,9999.000,9999.000,9999.000,9999.000,9999.000,9999.000
202604201812,   1.259,   1.659,9999.000,9999.000,9999.000,9999.000,9999.000,9999.000,9999.000
202604201818,   1.249,   1.620,9999.000,9999.000,9999.000,9999.000,9999.000,9999.000,9999.000
202604201824,   1.237,   1.630,9999.000,9999.000,9999.000,9999.000,9999.000,9999.000,9999.000
202604201830,   1.225,   1.610,9999.000,9999.000,9999.000,9999.000,9999.000,9999.000,9999.000
202604201836,   1.211,   1.538,9999.000,9999.000,9999.000,9999.000,9999.000,9999.000,9999.000
202604201842,   1.195,   1.469,9999.000,9999.000,9999.000,9999.000,9999.000,9999.000,9999.000
202604201848,   1.179,   1.390,9999.000,9999.000,9999.000,9999.000,9999.000,9999.000,9999.000
